00000000000000000000000000000000
00000000000011111111111000000000
00000000011111111111111110000000
00000001111111111111111111100000
00000011111110000000011111111000
00000111111000000000000011111100
00000111111000000000000001111100
00001111110000000000000000111110
00011111100000000000000000011110
00001111000000000000000000011111
00111111000000000000000000001111
00111111000000000000000000011111
00111110000000000000000000011111
01111110000000000000000000011111
01111110000000000000000000011111
01111100000000000000000000011111
01111100000000000000000000011111
01111100000000000000000000011110
11111100000000000000000000011110
11111100000000000000000000111110
11111100000000000000000000111110
01111100000000000000000000111100
01111100000000000000000000111100
01111100000000000000000001111000
01111110000000000000000011111000
00111110000000000000000111110000
00111110000000000000001111100000
00011111110000000000011111000000
00001111111000100000111110000000
00000011111111111111111100000000
00000001111111111111110000000000
00000000000111111100000000000000
