00000000000000000000000000000000
00000000000000000000000000000000
00000000000000000000000000000000
00000000000000000000000000000000
00000000000000000000000000000000
00000000000000111100000000000000
00000000000111111111100000000000
00000000001111000111110000000000
00000000011110000000111000000000
00000000011100000000011100000000
00000000111000000000011100000000
00000000111000000000001100000000
00000001110000000000001100000000
00000001110000000000001100000000
00000001110000000000001100000000
00000011110000000000001100000000
00000011110000000000011100000000
00000011100000000000011100000000
00000011100000000000011100000000
00000011100000000000011000000000
00000001110000000000111000000000
00000001110000000001110000000000
00000001111000000001110000000000
00000000111100000111100000000000
00000000011111111110000000000000
00000000000011111000000000000000
00000000000000000000000000000000
00000000000000000000000000000000
00000000000000000000000000000000
00000000000000000000000000000000
00000000000000000000000000000000
00000000000000000000000000000000
